0 10
10
90 35
0 10
980 35
0 10
0 10
9
PageLimit: 480 35
0 10
9 PageLimit: 4
80 35
0 10
11 PageLimit: 4
100 35
0 10
30 35
20 30
10 20
0 10
30 35
20 30
10 20
0 10
30 35
20 30
10 20
0 10
0 10
0 10
10 20
0 10
10 20
0 10
30 35
20 30
10 20
20 30
30 35
0 10
10 20
20 30
30 35
10 20
20 30
30 35
0 10
30 35
20 30
10 20
30 35
20 30
10 20
0 10
30 35
0 10
0 10
0 10
10 20
0 10
0 10
0 10
40 45
0 10
10 20
20 30
30 40
20 30
10 20
0 10
40 45
30 40
20 30
10 20
0 10
40 45
30 40
20 30
10 20
20 30
30 40
40 45
0 10
10 20
0 10
10 20
0 10
0 10
0 10
